91
100
226
66
616
200
78
73
340
586
72
67
129
100
260
79
101
37
74
50
73
75
151
107
49
92
270
93
58
108
321
100
58
110
295
109
75
100
252
118
66
100
260
100
109
83
91
252
92
74
126
347
92
294
311
141
150
269
235
267
227
294
328
261
210
277
278
202
57
252
210
326
92
134
302
83
328
134
134
286
76
143
193
236
160
30
58
48
617
73
201
498
0.0
30
30
30
30
30
58
356
60
443
74
40
49
44
50
61
59
67
74
58
52
41
545
485
416
400
467
408
374
340
391
374
331
238
66
45
56
66
51
59
66
63
57
67
329
339
352
257
286
312
364
253
303
338
58
57
58
66
74
75
75
84
57
41
387
312
329
328
353
286
243
304
260
371
68
59
67
67
83
68
68
76
67
59
213
220
271
110
297
254
246
186
194
254
218
313
211
182
256
202
304
203
190
203
63
67
66
57
83
76
85
93
63
84
56
401
67
462
83
479
81
432
68
537
65
443
107
430
67
409
99
537
99
78
52
75
79
84
41
76
74
429
57
429
75
341
35
362
70
440
41
50
49
58
75
50
51
42
51
68
50
67
76
93
116
75
83
40
49
58
76
75
59
67
58
67
42
61
66
67
67
84
76
58
50
59
90
74
83
119
50
58
66
74
50
59
51
50
82
83
92
76
117
126
102
108
84
76
84
84
66
68
50
59
65
66
66
50
66
59
39
49
82
57
82
67
74
67
58
67
94
76
92
65
65
51
59
59
58
49
42
49
75
68
84
91
92
93
76
68
74
75
84
57
42
41
83
49
66
65
48
74
57
40
65
82
117
57
68
48
40
77
91
56
59
75
57
65
60
67
67
66
93
67
58
68
84
101
125
92
59
67
84
75
50
59
84
58
80
88
84
67
126
93
75
57
58
67
66
58
83
72
76
73
68
84
92
75
151
83
125
580
66
83
117
46
108
49
100
56
75
66
98
79
74
85
102
63
92
83
117
74
75
84
75
67
100
91
69
79
76
58
94
96
84
66
61
73