66,0.03529412,0.023529414,0.029411767,1.0,1.0,1.0
45,0.04117647,0.037254903,0.039215688,1.0,1.0,1.0
56,0.037254903,0.037254903,0.037254903,1.0,1.0,1.0
66,0.037254903,0.039215688,0.038235296,1.0,1.0,1.0
51,0.04117647,0.03529412,0.038235296,1.0,1.0,1.0
59,0.033333335,0.029411767,0.03137255,1.0,1.0,1.0
66,0.027450982,0.019607844,0.023529414,1.0,1.0,1.0
63,0.04705883,0.03137255,0.03921569,1.0,1.0,1.0
57,0.037254903,0.03529412,0.03627451,1.0,1.0,1.0
67,0.043137256,0.037254903,0.04019608,1.0,1.0,1.0
329,0.03529412,0.04705883,0.041176476,1.0,1.0,1.0
339,0.049019612,0.054901965,0.05196079,1.0,1.0,1.0
352,0.05294118,0.025490198,0.03921569,1.0,1.0,1.0
257,0.04509804,0.025490198,0.03529412,1.0,1.0,1.0
286,0.043137256,0.029411767,0.03627451,1.0,1.0,1.0
312,0.04705883,0.029411767,0.0382353,1.0,1.0,1.0
364,0.037254903,0.023529414,0.030392159,1.0,1.0,1.0
253,0.050980397,0.03137255,0.041176476,1.0,1.0,1.0
303,0.05294118,0.029411767,0.041176476,1.0,1.0,1.0
338,0.050980397,0.04509804,0.04803922,1.0,1.0,1.0
58,0.04705883,0.03529412,0.041176476,1.0,1.0,1.0
57,0.043137256,0.04117647,0.042156864,1.0,1.0,1.0
58,0.039215688,0.029411767,0.034313727,1.0,1.0,1.0
66,0.033333335,0.023529414,0.028431375,1.0,1.0,1.0
74,0.04117647,0.03529412,0.038235296,1.0,1.0,1.0
75,0.04117647,0.037254903,0.039215688,1.0,1.0,1.0
75,0.029411767,0.019607844,0.024509806,1.0,1.0,1.0
84,0.039215688,0.03529412,0.037254903,1.0,1.0,1.0
57,0.04117647,0.033333335,0.037254903,1.0,1.0,1.0
41,0.027450982,0.027450982,0.027450982,1.0,1.0,1.0
387,0.03137255,0.04509804,0.038235296,1.0,1.0,1.0
312,0.04509804,0.04705883,0.046078436,1.0,1.0,1.0
329,0.04509804,0.05294118,0.049019612,1.0,1.0,1.0
328,0.037254903,0.019607844,0.028431375,1.0,1.0,1.0
353,0.023529414,0.023529414,0.023529414,1.0,1.0,1.0
286,0.043137256,0.049019612,0.046078436,1.0,1.0,1.0
243,0.03529412,0.021568628,0.028431375,1.0,1.0,1.0
304,0.04117647,0.04705883,0.044117652,1.0,1.0,1.0
260,0.043137256,0.05294118,0.04803922,1.0,1.0,1.0
371,0.037254903,0.05294118,0.045098044,1.0,1.0,1.0
68,0.043137256,0.039215688,0.04117647,1.0,1.0,1.0
59,0.043137256,0.037254903,0.04019608,1.0,1.0,1.0
67,0.04509804,0.043137256,0.04411765,1.0,1.0,1.0
67,0.03137255,0.021568628,0.02647059,1.0,1.0,1.0
83,0.033333335,0.033333335,0.033333335,1.0,1.0,1.0
68,0.03137255,0.029411767,0.030392159,1.0,1.0,1.0
68,0.04117647,0.027450982,0.034313727,1.0,1.0,1.0
76,0.043137256,0.027450982,0.03529412,1.0,1.0,1.0
67,0.03529412,0.029411767,0.032352943,1.0,1.0,1.0
59,0.043137256,0.033333335,0.038235296,1.0,1.0,1.0
213,0.027450982,0.033333335,0.030392159,1.0,1.0,1.0
220,0.04705883,0.04705883,0.04705883,1.0,1.0,1.0
271,0.04509804,0.04705883,0.046078436,1.0,1.0,1.0
110,0.03529412,0.043137256,0.039215688,1.0,1.0,1.0
297,0.037254903,0.050980397,0.044117652,1.0,1.0,1.0
254,0.043137256,0.025490198,0.034313727,1.0,1.0,1.0
246,0.039215688,0.04705883,0.04313726,1.0,1.0,1.0
186,0.043137256,0.04509804,0.04411765,1.0,1.0,1.0
194,0.04117647,0.050980397,0.046078436,1.0,1.0,1.0
254,0.04509804,0.049019612,0.04705883,1.0,1.0,1.0
218,0.039215688,0.04509804,0.042156864,1.0,1.0,1.0
313,0.04117647,0.04705883,0.044117652,1.0,1.0,1.0
211,0.039215688,0.043137256,0.04117647,1.0,1.0,1.0
182,0.043137256,0.050980397,0.04705883,1.0,1.0,1.0
256,0.04509804,0.025490198,0.03529412,1.0,1.0,1.0
202,0.04117647,0.05294118,0.04705883,1.0,1.0,1.0
304,0.033333335,0.033333335,0.033333335,1.0,1.0,1.0
203,0.049019612,0.04705883,0.04803922,1.0,1.0,1.0
190,0.039215688,0.043137256,0.04117647,1.0,1.0,1.0
203,0.04705883,0.025490198,0.036274515,1.0,1.0,1.0
63,0.033333335,0.029411767,0.03137255,1.0,1.0,1.0
67,0.039215688,0.043137256,0.04117647,1.0,1.0,1.0
66,0.029411767,0.043137256,0.03627451,1.0,1.0,1.0
57,0.037254903,0.027450982,0.032352943,1.0,1.0,1.0
83,0.039215688,0.027450982,0.033333335,1.0,1.0,1.0
76,0.049019612,0.03529412,0.042156868,1.0,1.0,1.0
85,0.027450982,0.033333335,0.030392159,1.0,1.0,1.0
93,0.04509804,0.029411767,0.037254903,1.0,1.0,1.0
63,0.050980397,0.03137255,0.041176476,1.0,1.0,1.0
84,0.039215688,0.033333335,0.03627451,1.0,1.0,1.0
56,0.033333335,0.03529412,0.034313727,1.0,1.0,1.0
401,0.04509804,0.043137256,0.04411765,1.0,1.0,1.0
67,0.029411767,0.019607844,0.024509806,1.0,1.0,1.0
462,0.03529412,0.04117647,0.038235296,1.0,1.0,1.0
83,0.043137256,0.043137256,0.043137256,1.0,1.0,1.0
479,0.03137255,0.04117647,0.03627451,1.0,1.0,1.0
81,0.027450982,0.027450982,0.027450982,1.0,1.0,1.0
432,0.019607844,0.04117647,0.030392159,1.0,1.0,1.0
68,0.03529412,0.029411767,0.032352943,1.0,1.0,1.0
537,0.029411767,0.037254903,0.033333335,1.0,1.0,1.0
65,0.033333335,0.039215688,0.03627451,1.0,1.0,1.0
443,0.04117647,0.04509804,0.043137256,1.0,1.0,1.0
107,0.039215688,0.043137256,0.04117647,1.0,1.0,1.0
430,0.029411767,0.037254903,0.033333335,1.0,1.0,1.0
67,0.033333335,0.03137255,0.032352943,1.0,1.0,1.0
409,0.037254903,0.037254903,0.037254903,1.0,1.0,1.0
99,0.033333335,0.03529412,0.034313727,1.0,1.0,1.0
537,0.027450982,0.04117647,0.034313727,1.0,1.0,1.0
99,0.033333335,0.027450982,0.030392159,1.0,1.0,1.0
78,0.039215688,0.033333335,0.03627451,1.0,1.0,1.0
52,0.033333335,0.033333335,0.033333335,1.0,1.0,1.0
75,0.033333335,0.03137255,0.032352943,1.0,1.0,1.0
79,0.04117647,0.027450982,0.034313727,1.0,1.0,1.0
84,0.037254903,0.039215688,0.038235296,1.0,1.0,1.0
41,0.033333335,0.03529412,0.034313727,1.0,1.0,1.0
76,0.04509804,0.029411767,0.037254903,1.0,1.0,1.0
74,0.027450982,0.019607844,0.023529414,1.0,1.0,1.0
429,0.027450982,0.039215688,0.033333335,1.0,1.0,1.0
57,0.027450982,0.033333335,0.030392159,1.0,1.0,1.0
429,0.039215688,0.03529412,0.037254903,1.0,1.0,1.0