91
100
226
66
616
200
78
73
340
586
72
67
129
100
260
79
101
37
74
50
73
75
151
107
49
92
270
93
58
108
321
100
58
110
295
109
75
100
252
118
66
100
260
100
109
83
91
252
92
74
126
347
92
294
311
141
150
269
235
267
227
294
328
261
210
277
278
202
57
252
210
326
92
134
302
83
328
134
134
286
76
143
193
236
160
30
58
48
617
73
201
498
0.0
30
30
30
30
30
58
356
60
443
74
40
49
44
50
61
59
67
74
58
52
41
545
485
416
400
467
408
374
340
391
374
331
238
66
45
56
66
51
59
66
63
57
67
329
339
352
257
286
312
364
253
303
338
58
57
58
66
74
75
75
84
57
41
387
312
329
328
353
286
243
304
260
371
68
59
67
67
83
68
68
76
67
59
213
220
271
110
297
254
246
186
194
254
218
313
211
182
256
202
304
203
190
203
63
67
66
57
83
76
85
93
63
84